# This file uses centimeters as units for non-parametric coordinates.

v 0.882400 -0.110114 -0.110114
v 0.882400 -0.110114 0.110114
v 0.882400 0.110114 -0.110114
v 0.882400 0.110114 0.110114
v 1.102627 0.110114 -0.110114
v 1.102627 0.110114 0.110114
v 1.102627 -0.110114 -0.110114
v 1.102627 -0.110114 0.110114
v 0.110114 -0.110114 0.882400
v -0.110114 -0.110114 0.882400
v 0.110114 0.110114 0.882400
v -0.110114 0.110114 0.882400
v 0.110114 0.110114 1.102627
v -0.110114 0.110114 1.102627
v 0.110114 -0.110114 1.102627
v -0.110114 -0.110114 1.102627
v -0.882400 -0.110114 0.110114
v -0.882400 -0.110114 -0.110114
v -0.882400 0.110114 0.110114
v -0.882400 0.110114 -0.110114
v -1.102627 0.110114 0.110114
v -1.102627 0.110114 -0.110114
v -1.102627 -0.110114 0.110114
v -1.102627 -0.110114 -0.110114
v -0.110114 -0.110114 -0.882400
v 0.110114 -0.110114 -0.882400
v -0.110114 0.110114 -0.882400
v 0.110114 0.110114 -0.882400
v -0.110114 0.110114 -1.102627
v 0.110114 0.110114 -1.102627
v -0.110114 -0.110114 -1.102627
v 0.110114 -0.110114 -1.102627
vt 0.461877 0.162522
vt 0.504917 0.162522
vt 0.461877 0.205562
vt 0.504917 0.205562
vt 0.461877 0.248602
vt 0.504917 0.248602
vt 0.461877 0.291643
vt 0.504917 0.291643
vt 0.547957 0.162522
vt 0.547957 0.205562
vt 0.418837 0.162522
vt 0.418837 0.205562
vt 0.461877 0.162522
vt 0.504917 0.162522
vt 0.504917 0.205562
vt 0.461877 0.205562
vt 0.504917 0.248602
vt 0.461877 0.248602
vt 0.504917 0.291643
vt 0.461877 0.291643
vt 0.547957 0.162522
vt 0.547957 0.205562
vt 0.418837 0.162522
vt 0.418837 0.205562
vt 0.461877 0.162522
vt 0.504917 0.162522
vt 0.504917 0.205562
vt 0.461877 0.205562
vt 0.504917 0.248602
vt 0.461877 0.248602
vt 0.504917 0.291643
vt 0.461877 0.291643
vt 0.547957 0.162522
vt 0.547957 0.205562
vt 0.418837 0.162522
vt 0.418837 0.205562
vt 0.461877 0.162522
vt 0.504917 0.162522
vt 0.504917 0.205562
vt 0.461877 0.205562
vt 0.504917 0.248602
vt 0.461877 0.248602
vt 0.504917 0.291643
vt 0.461877 0.291643
vt 0.547957 0.162522
vt 0.547957 0.205562
vt 0.418837 0.162522
vt 0.418837 0.205562
vn -1.000000 0.000000 0.000000
vn -1.000000 0.000000 0.000000
vn -1.000000 0.000000 0.000000
vn -1.000000 0.000000 0.000000
vn 0.000000 0.707107 -0.707107
vn 0.000000 0.707107 0.707107
vn 0.000000 0.707107 0.707107
vn 0.000000 0.707107 -0.707107
vn 1.000000 0.000000 0.000000
vn 1.000000 0.000000 0.000000
vn 1.000000 0.000000 0.000000
vn 1.000000 0.000000 0.000000
vn 0.000000 0.000000 1.000000
vn 0.000000 0.000000 1.000000
vn 0.000000 0.000000 -1.000000
vn 0.000000 0.000000 -1.000000
vn 0.000000 0.000000 -1.000000
vn 0.000000 0.000000 -1.000000
vn 0.000000 0.000000 -1.000000
vn 0.000000 0.000000 -1.000000
vn 0.707107 0.707107 0.000000
vn -0.707107 0.707107 0.000000
vn -0.707107 0.707107 0.000000
vn 0.707107 0.707107 0.000000
vn 0.000000 0.000000 1.000000
vn 0.000000 0.000000 1.000000
vn 0.000000 0.000000 1.000000
vn 0.000000 0.000000 1.000000
vn -1.000000 0.000000 0.000000
vn -1.000000 0.000000 0.000000
vn 1.000000 0.000000 0.000000
vn 1.000000 0.000000 0.000000
vn 1.000000 0.000000 0.000000
vn 1.000000 0.000000 0.000000
vn 1.000000 0.000000 0.000000
vn 1.000000 0.000000 0.000000
vn 0.000000 0.707107 0.707107
vn 0.000000 0.707107 -0.707107
vn 0.000000 0.707107 -0.707107
vn 0.000000 0.707107 0.707107
vn -1.000000 0.000000 0.000000
vn -1.000000 0.000000 0.000000
vn -1.000000 0.000000 0.000000
vn -1.000000 0.000000 0.000000
vn 0.000000 0.000000 -1.000000
vn 0.000000 0.000000 -1.000000
vn 0.000000 0.000000 1.000000
vn 0.000000 0.000000 1.000000
vn 0.000000 0.000000 1.000000
vn 0.000000 0.000000 1.000000
vn 0.000000 0.000000 1.000000
vn 0.000000 0.000000 1.000000
vn -0.707107 0.707107 0.000000
vn 0.707107 0.707107 0.000000
vn 0.707107 0.707107 0.000000
vn -0.707107 0.707107 0.000000
vn 0.000000 0.000000 -1.000000
vn 0.000000 0.000000 -1.000000
vn 0.000000 0.000000 -1.000000
vn 0.000000 0.000000 -1.000000
vn 1.000000 0.000000 0.000000
vn 1.000000 0.000000 0.000000
vn -1.000000 0.000000 0.000000
vn -1.000000 0.000000 0.000000
s off
f 1/1/1 2/2/2 4/4/3 3/3/4
s 1
f 3/3/5 4/4/6 6/6/7 5/5/8
s off
f 5/5/9 6/6/10 8/8/11 7/7/12
s 1
f 2/2/13 8/9/14 6/10/7 4/4/6
f 7/11/15 1/1/16 3/3/5 5/12/8
s off
f 9/13/17 10/14/18 12/15/19 11/16/20
s 2
f 11/16/21 12/15/22 14/17/23 13/18/24
s off
f 13/18/25 14/17/26 16/19/27 15/20/28
s 2
f 10/14/29 16/21/30 14/22/23 12/15/22
f 15/23/31 9/13/32 11/16/21 13/24/24
s off
f 17/25/33 18/26/34 20/27/35 19/28/36
s 3
f 19/28/37 20/27/38 22/29/39 21/30/40
s off
f 21/30/41 22/29/42 24/31/43 23/32/44
s 3
f 18/26/45 24/33/46 22/34/39 20/27/38
f 23/35/47 17/25/48 19/28/37 21/36/40
s off
f 25/37/49 26/38/50 28/39/51 27/40/52
s 4
f 27/40/53 28/39/54 30/41/55 29/42/56
s off
f 29/42/57 30/41/58 32/43/59 31/44/60
s 4
f 26/38/61 32/45/62 30/46/55 28/39/54
f 31/47/63 25/37/64 27/40/53 29/48/56
